1
25
25
254 254 254  254 254 254  254 254 254  254 254 254  254 254 254  254 254 254  254 254 254  254 254 254  254 255 255  255 255 255  255 255 255  255 255 255  255 255 255  255 255 255  255 255 255  254 255 255  254 255 255  254 254 254  254 254 254  254 254 254  254 254 254  254 254 254  254 254 254  254 254 254  254 254 254  
254 254 254  254 254 254  254 254 254  254 254 254  254 254 254  254 254 254  254 255 255  255 255 255  251 223 225  243 117 122  239 57 64  234 0 1  234 0 6  234 0 9  239 66 72  245 143 146  252 240 240  255 255 255  254 255 255  254 254 254  254 254 254  254 254 254  254 254 254  254 254 254  254 254 254  
254 254 254  254 254 254  254 254 254  254 254 254  254 255 255  255 255 255  249 193 195  236 15 23  234 0 1  242 104 109  248 177 180  253 241 242  252 236 237  252 233 234  247 167 170  241 91 97  233 0 0  238 46 54  252 234 235  255 255 255  254 254 254  254 254 254  254 254 254  254 254 254  254 254 254  
254 254 254  254 254 254  254 254 254  254 255 255  255 255 255  241 89 95  234 0 0  249 192 194  255 255 255  255 255 255  254 255 255  254 255 255  254 255 255  254 255 255  254 255 255  255 255 255  255 255 255  245 150 153  232 0 0  245 149 152  255 255 255  254 254 254  254 254 254  254 254 254  254 254 254  
254 254 254  254 254 254  254 255 255  255 255 255  237 39 47  238 51 58  255 255 255  254 255 255  254 254 254  254 254 254  254 254 254  254 254 254  254 254 254  254 254 254  254 254 254  254 254 254  254 255 255  255 255 255  252 239 240  235 11 19  242 102 108  255 255 255  254 254 254  254 254 254  254 254 254  
254 254 254  254 254 254  255 255 255  238 56 63  239 68 74  255 255 255  254 255 255  254 254 254  254 254 254  254 254 254  254 254 254  254 254 254  254 254 254  254 254 254  254 254 254  254 254 254  254 254 254  254 254 254  254 255 255  255 255 255  235 11 20  243 118 123  255 255 255  254 254 254  254 254 254  
254 254 254  254 255 255  246 152 156  235 13 22  255 255 255  254 255 255  254 254 254  254 254 254  254 254 254  254 254 254  254 254 254  254 254 254  254 254 254  254 254 254  254 254 254  254 254 254  254 254 254  254 254 254  254 254 254  254 255 255  255 255 255  233 0 0  251 220 221  254 255 255  254 254 254  
254 255 255  255 255 255  233 0 0  252 226 227  254 255 255  254 254 254  254 254 254  254 254 254  254 254 254  254 254 254  254 254 254  254 254 254  254 254 254  254 254 254  254 254 254  254 254 254  254 254 254  254 254 254  254 254 254  254 254 254  255 255 255  246 153 157  238 52 59  255 255 255  254 254 254  
254 255 255  246 154 158  238 52 59  255 255 255  254 254 254  254 254 254  254 254 254  254 254 254  254 254 254  254 254 254  254 254 254  254 254 254  254 254 254  254 254 254  254 254 254  254 254 254  254 254 254  254 254 254  254 254 254  254 254 254  254 255 255  255 255 255  234 0 0  252 226 227  254 255 255  
255 255 255  239 57 63  247 167 170  254 255 255  254 254 254  254 254 254  254 254 254  254 254 254  254 254 254  254 254 254  254 254 254  254 254 254  254 254 254  254 254 254  254 254 254  254 254 254  254 254 254  254 254 254  254 254 254  254 254 254  254 254 254  255 255 255  242 100 106  242 108 113  255 255 255  
255 255 255  233 0 0  253 245 245  254 255 255  254 254 254  254 254 254  254 254 254  254 254 254  254 254 254  254 254 254  254 254 254  254 254 254  254 254 254  254 254 254  254 254 254  254 254 254  254 254 254  254 254 254  254 254 254  254 254 254  254 254 254  254 255 255  248 177 180  239 62 67  255 255 255  
253 238 239  234 0 6  255 255 255  254 254 254  254 254 254  254 254 254  254 254 254  254 254 254  254 254 254  254 254 254  254 254 254  254 254 254  254 254 254  254 254 254  254 254 254  254 254 254  254 254 254  254 254 254  254 254 254  254 254 254  254 254 254  254 255 255  253 247 247  233 0 0  255 255 255  
253 242 242  234 0 6  255 255 255  254 254 254  254 254 254  254 254 254  254 254 254  254 254 254  254 254 254  254 254 254  254 254 254  254 254 254  254 254 254  254 254 254  254 254 254  254 254 254  254 254 254  254 254 254  254 254 254  254 254 254  254 254 254  254 255 255  253 242 243  234 0 2  255 255 255  
254 248 248  234 0 5  255 255 255  254 254 254  254 254 254  254 254 254  254 254 254  254 254 254  254 254 254  254 254 254  254 254 254  254 254 254  254 254 254  254 254 254  254 254 254  254 254 254  254 254 254  254 254 254  254 254 254  254 254 254  254 254 254  254 255 255  252 232 232  235 4 13  255 255 255  
255 255 255  234 0 6  253 237 237  254 255 255  254 254 254  254 254 254  254 254 254  254 254 254  254 254 254  254 254 254  254 254 254  254 254 254  254 254 254  254 254 254  254 254 254  254 254 254  254 254 254  254 254 254  254 254 254  254 254 254  254 254 254  254 255 255  247 168 172  239 59 65  255 255 255  
255 255 255  240 77 83  245 147 151  254 255 255  254 254 254  254 254 254  254 254 254  254 254 254  254 254 254  254 254 254  254 254 254  254 254 254  254 254 254  254 254 254  254 254 254  254 254 254  254 254 254  254 254 254  254 254 254  254 254 254  254 254 254  255 255 255  241 93 99  244 138 142  255 255 255  
254 255 255  248 184 187  236 18 26  255 255 255  254 254 254  254 254 254  254 254 254  254 254 254  254 254 254  254 254 254  254 254 254  254 254 254  254 254 254  254 254 254  254 254 254  254 254 254  254 254 254  254 254 254  254 254 254  254 254 254  254 255 255  255 255 255  232 0 0  253 240 241  254 255 255  
254 254 254  255 255 255  235 16 24  249 188 190  254 255 255  254 254 254  254 254 254  254 254 254  254 254 254  254 254 254  254 254 254  254 254 254  254 254 254  254 254 254  254 254 254  254 254 254  254 254 254  254 254 254  254 254 254  254 254 254  255 255 255  243 115 120  238 54 61  255 255 255  254 254 254  
254 254 254  254 255 255  250 199 202  233 0 0  255 255 255  254 255 255  254 254 254  254 254 254  254 254 254  254 254 254  254 254 254  254 254 254  254 254 254  254 254 254  254 254 254  254 254 254  254 254 254  254 254 254  254 254 254  254 255 255  252 233 234  232 0 0  253 252 252  254 255 255  254 254 254  
254 254 254  254 254 254  255 255 255  243 118 123  235 11 20  255 255 255  254 255 255  254 254 254  254 254 254  254 254 254  254 254 254  254 254 254  254 254 254  254 254 254  254 254 254  254 254 254  254 254 254  254 254 254  255 255 255  252 239 239  232 0 0  248 176 179  255 255 255  254 254 254  254 254 254  
254 254 254  254 254 254  254 254 254  255 255 255  242 104 109  234 0 4  252 233 234  255 255 255  254 255 255  254 254 254  254 254 254  254 254 254  254 254 254  254 254 254  254 254 254  254 254 254  254 255 255  255 255 255  248 183 186  233 0 0  248 173 176  255 255 255  254 254 254  254 254 254  254 254 254  
254 254 254  254 254 254  254 254 254  254 254 254  255 255 255  247 167 170  232 0 0  243 118 123  253 250 250  255 255 255  255 255 255  254 255 255  254 255 255  254 255 255  255 255 255  255 255 255  252 228 229  240 76 82  233 0 0  251 219 220  255 255 255  254 254 254  254 254 254  254 254 254  254 254 254  
254 254 254  254 254 254  254 254 254  254 254 254  254 254 254  255 255 255  253 246 247  241 83 89  233 0 0  238 47 54  243 109 114  248 174 177  247 169 172  247 166 169  242 100 106  236 21 29  234 0 0  243 119 123  255 255 255  254 255 255  254 254 254  254 254 254  254 254 254  254 254 254  254 254 254  
254 254 254  254 254 254  254 254 254  254 254 254  254 254 254  254 254 254  254 255 255  255 255 255  255 255 255  247 169 172  244 126 130  239 59 66  239 64 70  240 67 74  244 132 136  248 186 189  255 255 255  255 255 255  254 255 255  254 254 254  254 254 254  254 254 254  254 254 254  254 254 254  254 254 254  
254 254 254  254 254 254  254 254 254  254 254 254  254 254 254  254 254 254  254 254 254  254 254 254  254 255 255  254 255 255  255 255 255  255 255 255  255 255 255  255 255 255  255 255 255  254 255 255  254 254 254  254 254 254  254 254 254  254 254 254  254 254 254  254 254 254  254 254 254  254 254 254  254 254 254